{
 "cells": [
  {
   "cell_type": "markdown",
   "metadata": {},
   "source": [
    "Run the code block below to create the dicitonary of correlation matrices by team and season.\n",
    "Under the code there are two examples of how to use "
   ]
  },
  {
   "cell_type": "code",
   "execution_count": 40,
   "metadata": {},
   "outputs": [],
   "source": [
    "# https://stackoverflow.com/questions/29432629/plot-correlation-matrix-using-pandas\n",
    "\n",
    "# imports\n",
    "import numpy as np\n",
    "import pandas as pd\n",
    "from datetime import datetime\n",
    "from matplotlib import pyplot as plt\n",
    "\n",
    "pd.set_option('display.max_columns', None)\n",
    "\n",
    "import warnings\n",
    "warnings.filterwarnings('ignore')\n",
    "\n",
    "# begin script\n",
    "pff = pd.read_csv('pff_pi.csv', index_col=0)\n",
    "# pff.head(2)\n",
    "\n",
    "teams = pff['Team'].unique()\n",
    "seasons = pff['Season'].unique()\n",
    "\n",
    "master_dict = {}\n",
    "for i in teams:\n",
    "    for j in seasons:\n",
    "        stats = pff[(pff['Team']==i)&(pff['Season']==j)].iloc[:,8:]\n",
    "        corr = stats.corr()\n",
    "        master_dict[(i,j)]=corr"
   ]
  },
  {
   "cell_type": "code",
   "execution_count": 43,
   "metadata": {},
   "outputs": [
    {
     "data": {
      "text/html": [
       "<div>\n",
       "<style scoped>\n",
       "    .dataframe tbody tr th:only-of-type {\n",
       "        vertical-align: middle;\n",
       "    }\n",
       "\n",
       "    .dataframe tbody tr th {\n",
       "        vertical-align: top;\n",
       "    }\n",
       "\n",
       "    .dataframe thead th {\n",
       "        text-align: right;\n",
       "    }\n",
       "</style>\n",
       "<table border=\"1\" class=\"dataframe\">\n",
       "  <thead>\n",
       "    <tr style=\"text-align: right;\">\n",
       "      <th></th>\n",
       "      <th>PF</th>\n",
       "      <th>PA</th>\n",
       "      <th>OVR</th>\n",
       "      <th>OFF</th>\n",
       "      <th>PASS</th>\n",
       "      <th>PBLK</th>\n",
       "      <th>RECV</th>\n",
       "      <th>RUN</th>\n",
       "      <th>RBLK</th>\n",
       "      <th>DEF</th>\n",
       "      <th>RDEF</th>\n",
       "      <th>TACK</th>\n",
       "      <th>PRSH</th>\n",
       "      <th>COV</th>\n",
       "      <th>OVR_opp</th>\n",
       "      <th>OFF_opp</th>\n",
       "      <th>PASS_opp</th>\n",
       "      <th>PBLK_opp</th>\n",
       "      <th>RECV_opp</th>\n",
       "      <th>RUN_opp</th>\n",
       "      <th>RBLK_opp</th>\n",
       "      <th>DEF_opp</th>\n",
       "      <th>RDEF_opp</th>\n",
       "      <th>TACK_opp</th>\n",
       "      <th>PRSH_opp</th>\n",
       "      <th>COV_opp</th>\n",
       "    </tr>\n",
       "  </thead>\n",
       "  <tbody>\n",
       "    <tr>\n",
       "      <td>PF</td>\n",
       "      <td>1.000000</td>\n",
       "      <td>0.040419</td>\n",
       "      <td>0.626433</td>\n",
       "      <td>0.508622</td>\n",
       "      <td>0.468903</td>\n",
       "      <td>-0.016782</td>\n",
       "      <td>0.556344</td>\n",
       "      <td>-0.466103</td>\n",
       "      <td>0.108704</td>\n",
       "      <td>0.403028</td>\n",
       "      <td>-0.105855</td>\n",
       "      <td>0.308488</td>\n",
       "      <td>0.187513</td>\n",
       "      <td>0.523496</td>\n",
       "      <td>-0.342505</td>\n",
       "      <td>-0.099808</td>\n",
       "      <td>-0.273599</td>\n",
       "      <td>-0.061848</td>\n",
       "      <td>0.214528</td>\n",
       "      <td>-0.224057</td>\n",
       "      <td>-0.032240</td>\n",
       "      <td>-0.246130</td>\n",
       "      <td>-0.117594</td>\n",
       "      <td>-0.033649</td>\n",
       "      <td>0.280363</td>\n",
       "      <td>-0.348205</td>\n",
       "    </tr>\n",
       "    <tr>\n",
       "      <td>PA</td>\n",
       "      <td>0.040419</td>\n",
       "      <td>1.000000</td>\n",
       "      <td>-0.280568</td>\n",
       "      <td>0.346390</td>\n",
       "      <td>0.053252</td>\n",
       "      <td>0.111391</td>\n",
       "      <td>0.343200</td>\n",
       "      <td>0.101228</td>\n",
       "      <td>-0.068582</td>\n",
       "      <td>-0.497932</td>\n",
       "      <td>-0.212457</td>\n",
       "      <td>-0.278743</td>\n",
       "      <td>-0.395468</td>\n",
       "      <td>-0.510846</td>\n",
       "      <td>0.393969</td>\n",
       "      <td>0.570903</td>\n",
       "      <td>-0.084444</td>\n",
       "      <td>0.631257</td>\n",
       "      <td>0.702488</td>\n",
       "      <td>0.645109</td>\n",
       "      <td>-0.019406</td>\n",
       "      <td>-0.210351</td>\n",
       "      <td>-0.039837</td>\n",
       "      <td>0.119986</td>\n",
       "      <td>-0.223106</td>\n",
       "      <td>0.006827</td>\n",
       "    </tr>\n",
       "    <tr>\n",
       "      <td>OVR</td>\n",
       "      <td>0.626433</td>\n",
       "      <td>-0.280568</td>\n",
       "      <td>1.000000</td>\n",
       "      <td>0.512589</td>\n",
       "      <td>0.293552</td>\n",
       "      <td>-0.047575</td>\n",
       "      <td>0.302732</td>\n",
       "      <td>0.021601</td>\n",
       "      <td>0.479087</td>\n",
       "      <td>0.848356</td>\n",
       "      <td>0.444806</td>\n",
       "      <td>0.454701</td>\n",
       "      <td>0.554202</td>\n",
       "      <td>0.762882</td>\n",
       "      <td>-0.615666</td>\n",
       "      <td>-0.412477</td>\n",
       "      <td>-0.313348</td>\n",
       "      <td>-0.111896</td>\n",
       "      <td>-0.132151</td>\n",
       "      <td>-0.476012</td>\n",
       "      <td>-0.264413</td>\n",
       "      <td>-0.092568</td>\n",
       "      <td>-0.312317</td>\n",
       "      <td>-0.333361</td>\n",
       "      <td>0.339509</td>\n",
       "      <td>-0.139914</td>\n",
       "    </tr>\n",
       "    <tr>\n",
       "      <td>OFF</td>\n",
       "      <td>0.508622</td>\n",
       "      <td>0.346390</td>\n",
       "      <td>0.512589</td>\n",
       "      <td>1.000000</td>\n",
       "      <td>0.379091</td>\n",
       "      <td>-0.049287</td>\n",
       "      <td>0.669323</td>\n",
       "      <td>0.165691</td>\n",
       "      <td>0.569012</td>\n",
       "      <td>0.068023</td>\n",
       "      <td>-0.130130</td>\n",
       "      <td>0.127172</td>\n",
       "      <td>-0.193862</td>\n",
       "      <td>0.131149</td>\n",
       "      <td>-0.164918</td>\n",
       "      <td>0.241556</td>\n",
       "      <td>-0.124250</td>\n",
       "      <td>0.567608</td>\n",
       "      <td>0.353705</td>\n",
       "      <td>0.014095</td>\n",
       "      <td>0.146999</td>\n",
       "      <td>-0.472195</td>\n",
       "      <td>-0.468050</td>\n",
       "      <td>-0.458888</td>\n",
       "      <td>0.129856</td>\n",
       "      <td>-0.237757</td>\n",
       "    </tr>\n",
       "    <tr>\n",
       "      <td>PASS</td>\n",
       "      <td>0.468903</td>\n",
       "      <td>0.053252</td>\n",
       "      <td>0.293552</td>\n",
       "      <td>0.379091</td>\n",
       "      <td>1.000000</td>\n",
       "      <td>0.055775</td>\n",
       "      <td>-0.116608</td>\n",
       "      <td>-0.355406</td>\n",
       "      <td>-0.011124</td>\n",
       "      <td>-0.060696</td>\n",
       "      <td>-0.192090</td>\n",
       "      <td>0.234258</td>\n",
       "      <td>-0.240720</td>\n",
       "      <td>0.082274</td>\n",
       "      <td>0.182722</td>\n",
       "      <td>0.084400</td>\n",
       "      <td>0.035503</td>\n",
       "      <td>0.130605</td>\n",
       "      <td>0.182058</td>\n",
       "      <td>-0.051981</td>\n",
       "      <td>0.239729</td>\n",
       "      <td>0.300014</td>\n",
       "      <td>0.139049</td>\n",
       "      <td>-0.081868</td>\n",
       "      <td>-0.052477</td>\n",
       "      <td>0.290587</td>\n",
       "    </tr>\n",
       "    <tr>\n",
       "      <td>PBLK</td>\n",
       "      <td>-0.016782</td>\n",
       "      <td>0.111391</td>\n",
       "      <td>-0.047575</td>\n",
       "      <td>-0.049287</td>\n",
       "      <td>0.055775</td>\n",
       "      <td>1.000000</td>\n",
       "      <td>-0.338220</td>\n",
       "      <td>-0.246592</td>\n",
       "      <td>0.244720</td>\n",
       "      <td>-0.220474</td>\n",
       "      <td>-0.256990</td>\n",
       "      <td>0.294060</td>\n",
       "      <td>-0.002804</td>\n",
       "      <td>-0.150362</td>\n",
       "      <td>0.309504</td>\n",
       "      <td>0.436488</td>\n",
       "      <td>0.608603</td>\n",
       "      <td>-0.032980</td>\n",
       "      <td>0.323630</td>\n",
       "      <td>0.304468</td>\n",
       "      <td>-0.148710</td>\n",
       "      <td>-0.020235</td>\n",
       "      <td>-0.157706</td>\n",
       "      <td>0.431912</td>\n",
       "      <td>-0.733028</td>\n",
       "      <td>0.415237</td>\n",
       "    </tr>\n",
       "    <tr>\n",
       "      <td>RECV</td>\n",
       "      <td>0.556344</td>\n",
       "      <td>0.343200</td>\n",
       "      <td>0.302732</td>\n",
       "      <td>0.669323</td>\n",
       "      <td>-0.116608</td>\n",
       "      <td>-0.338220</td>\n",
       "      <td>1.000000</td>\n",
       "      <td>0.002368</td>\n",
       "      <td>0.151134</td>\n",
       "      <td>0.124978</td>\n",
       "      <td>-0.099709</td>\n",
       "      <td>-0.210932</td>\n",
       "      <td>-0.068665</td>\n",
       "      <td>0.204634</td>\n",
       "      <td>-0.306842</td>\n",
       "      <td>0.104131</td>\n",
       "      <td>-0.362831</td>\n",
       "      <td>0.340536</td>\n",
       "      <td>0.329279</td>\n",
       "      <td>-0.155550</td>\n",
       "      <td>0.083265</td>\n",
       "      <td>-0.620895</td>\n",
       "      <td>-0.262515</td>\n",
       "      <td>-0.213863</td>\n",
       "      <td>0.321792</td>\n",
       "      <td>-0.661732</td>\n",
       "    </tr>\n",
       "    <tr>\n",
       "      <td>RUN</td>\n",
       "      <td>-0.466103</td>\n",
       "      <td>0.101228</td>\n",
       "      <td>0.021601</td>\n",
       "      <td>0.165691</td>\n",
       "      <td>-0.355406</td>\n",
       "      <td>-0.246592</td>\n",
       "      <td>0.002368</td>\n",
       "      <td>1.000000</td>\n",
       "      <td>0.161422</td>\n",
       "      <td>0.056145</td>\n",
       "      <td>0.347552</td>\n",
       "      <td>0.082885</td>\n",
       "      <td>0.264527</td>\n",
       "      <td>-0.309669</td>\n",
       "      <td>-0.096325</td>\n",
       "      <td>-0.097788</td>\n",
       "      <td>-0.046726</td>\n",
       "      <td>0.195055</td>\n",
       "      <td>-0.244898</td>\n",
       "      <td>0.197562</td>\n",
       "      <td>-0.276275</td>\n",
       "      <td>0.072987</td>\n",
       "      <td>-0.185701</td>\n",
       "      <td>-0.386356</td>\n",
       "      <td>0.266332</td>\n",
       "      <td>0.058665</td>\n",
       "    </tr>\n",
       "    <tr>\n",
       "      <td>RBLK</td>\n",
       "      <td>0.108704</td>\n",
       "      <td>-0.068582</td>\n",
       "      <td>0.479087</td>\n",
       "      <td>0.569012</td>\n",
       "      <td>-0.011124</td>\n",
       "      <td>0.244720</td>\n",
       "      <td>0.151134</td>\n",
       "      <td>0.161422</td>\n",
       "      <td>1.000000</td>\n",
       "      <td>0.259341</td>\n",
       "      <td>0.133758</td>\n",
       "      <td>0.321692</td>\n",
       "      <td>-0.013247</td>\n",
       "      <td>0.236339</td>\n",
       "      <td>-0.303409</td>\n",
       "      <td>0.084789</td>\n",
       "      <td>0.154734</td>\n",
       "      <td>0.190857</td>\n",
       "      <td>0.088943</td>\n",
       "      <td>-0.092705</td>\n",
       "      <td>-0.021549</td>\n",
       "      <td>-0.513207</td>\n",
       "      <td>-0.797276</td>\n",
       "      <td>-0.446589</td>\n",
       "      <td>-0.150625</td>\n",
       "      <td>0.095496</td>\n",
       "    </tr>\n",
       "    <tr>\n",
       "      <td>DEF</td>\n",
       "      <td>0.403028</td>\n",
       "      <td>-0.497932</td>\n",
       "      <td>0.848356</td>\n",
       "      <td>0.068023</td>\n",
       "      <td>-0.060696</td>\n",
       "      <td>-0.220474</td>\n",
       "      <td>0.124978</td>\n",
       "      <td>0.056145</td>\n",
       "      <td>0.259341</td>\n",
       "      <td>1.000000</td>\n",
       "      <td>0.598942</td>\n",
       "      <td>0.397563</td>\n",
       "      <td>0.763932</td>\n",
       "      <td>0.845629</td>\n",
       "      <td>-0.735030</td>\n",
       "      <td>-0.675420</td>\n",
       "      <td>-0.458851</td>\n",
       "      <td>-0.393520</td>\n",
       "      <td>-0.431935</td>\n",
       "      <td>-0.519589</td>\n",
       "      <td>-0.326695</td>\n",
       "      <td>0.009995</td>\n",
       "      <td>-0.142948</td>\n",
       "      <td>-0.250400</td>\n",
       "      <td>0.507747</td>\n",
       "      <td>-0.256268</td>\n",
       "    </tr>\n",
       "    <tr>\n",
       "      <td>RDEF</td>\n",
       "      <td>-0.105855</td>\n",
       "      <td>-0.212457</td>\n",
       "      <td>0.444806</td>\n",
       "      <td>-0.130130</td>\n",
       "      <td>-0.192090</td>\n",
       "      <td>-0.256990</td>\n",
       "      <td>-0.099709</td>\n",
       "      <td>0.347552</td>\n",
       "      <td>0.133758</td>\n",
       "      <td>0.598942</td>\n",
       "      <td>1.000000</td>\n",
       "      <td>0.249595</td>\n",
       "      <td>0.515933</td>\n",
       "      <td>0.203093</td>\n",
       "      <td>-0.285021</td>\n",
       "      <td>-0.406758</td>\n",
       "      <td>-0.145462</td>\n",
       "      <td>-0.173988</td>\n",
       "      <td>-0.215383</td>\n",
       "      <td>-0.483107</td>\n",
       "      <td>-0.598191</td>\n",
       "      <td>0.335708</td>\n",
       "      <td>-0.091232</td>\n",
       "      <td>-0.140388</td>\n",
       "      <td>0.304484</td>\n",
       "      <td>0.241036</td>\n",
       "    </tr>\n",
       "    <tr>\n",
       "      <td>TACK</td>\n",
       "      <td>0.308488</td>\n",
       "      <td>-0.278743</td>\n",
       "      <td>0.454701</td>\n",
       "      <td>0.127172</td>\n",
       "      <td>0.234258</td>\n",
       "      <td>0.294060</td>\n",
       "      <td>-0.210932</td>\n",
       "      <td>0.082885</td>\n",
       "      <td>0.321692</td>\n",
       "      <td>0.397563</td>\n",
       "      <td>0.249595</td>\n",
       "      <td>1.000000</td>\n",
       "      <td>0.271368</td>\n",
       "      <td>0.226668</td>\n",
       "      <td>-0.148425</td>\n",
       "      <td>-0.207362</td>\n",
       "      <td>0.095891</td>\n",
       "      <td>-0.269550</td>\n",
       "      <td>-0.225178</td>\n",
       "      <td>-0.060149</td>\n",
       "      <td>-0.240418</td>\n",
       "      <td>0.231840</td>\n",
       "      <td>-0.224290</td>\n",
       "      <td>-0.092100</td>\n",
       "      <td>0.038309</td>\n",
       "      <td>0.281281</td>\n",
       "    </tr>\n",
       "    <tr>\n",
       "      <td>PRSH</td>\n",
       "      <td>0.187513</td>\n",
       "      <td>-0.395468</td>\n",
       "      <td>0.554202</td>\n",
       "      <td>-0.193862</td>\n",
       "      <td>-0.240720</td>\n",
       "      <td>-0.002804</td>\n",
       "      <td>-0.068665</td>\n",
       "      <td>0.264527</td>\n",
       "      <td>-0.013247</td>\n",
       "      <td>0.763932</td>\n",
       "      <td>0.515933</td>\n",
       "      <td>0.271368</td>\n",
       "      <td>1.000000</td>\n",
       "      <td>0.445792</td>\n",
       "      <td>-0.538374</td>\n",
       "      <td>-0.493952</td>\n",
       "      <td>-0.120339</td>\n",
       "      <td>-0.547341</td>\n",
       "      <td>-0.377300</td>\n",
       "      <td>-0.269598</td>\n",
       "      <td>-0.533644</td>\n",
       "      <td>0.105519</td>\n",
       "      <td>-0.016176</td>\n",
       "      <td>-0.007191</td>\n",
       "      <td>0.394841</td>\n",
       "      <td>-0.164088</td>\n",
       "    </tr>\n",
       "    <tr>\n",
       "      <td>COV</td>\n",
       "      <td>0.523496</td>\n",
       "      <td>-0.510846</td>\n",
       "      <td>0.762882</td>\n",
       "      <td>0.131149</td>\n",
       "      <td>0.082274</td>\n",
       "      <td>-0.150362</td>\n",
       "      <td>0.204634</td>\n",
       "      <td>-0.309669</td>\n",
       "      <td>0.236339</td>\n",
       "      <td>0.845629</td>\n",
       "      <td>0.203093</td>\n",
       "      <td>0.226668</td>\n",
       "      <td>0.445792</td>\n",
       "      <td>1.000000</td>\n",
       "      <td>-0.653760</td>\n",
       "      <td>-0.584691</td>\n",
       "      <td>-0.526115</td>\n",
       "      <td>-0.258570</td>\n",
       "      <td>-0.344347</td>\n",
       "      <td>-0.487200</td>\n",
       "      <td>-0.025387</td>\n",
       "      <td>-0.110913</td>\n",
       "      <td>-0.046418</td>\n",
       "      <td>-0.196138</td>\n",
       "      <td>0.376552</td>\n",
       "      <td>-0.385678</td>\n",
       "    </tr>\n",
       "    <tr>\n",
       "      <td>OVR_opp</td>\n",
       "      <td>-0.342505</td>\n",
       "      <td>0.393969</td>\n",
       "      <td>-0.615666</td>\n",
       "      <td>-0.164918</td>\n",
       "      <td>0.182722</td>\n",
       "      <td>0.309504</td>\n",
       "      <td>-0.306842</td>\n",
       "      <td>-0.096325</td>\n",
       "      <td>-0.303409</td>\n",
       "      <td>-0.735030</td>\n",
       "      <td>-0.285021</td>\n",
       "      <td>-0.148425</td>\n",
       "      <td>-0.538374</td>\n",
       "      <td>-0.653760</td>\n",
       "      <td>1.000000</td>\n",
       "      <td>0.782321</td>\n",
       "      <td>0.563980</td>\n",
       "      <td>0.459298</td>\n",
       "      <td>0.608547</td>\n",
       "      <td>0.472164</td>\n",
       "      <td>0.026532</td>\n",
       "      <td>0.297037</td>\n",
       "      <td>0.288818</td>\n",
       "      <td>0.119671</td>\n",
       "      <td>-0.418338</td>\n",
       "      <td>0.388200</td>\n",
       "    </tr>\n",
       "    <tr>\n",
       "      <td>OFF_opp</td>\n",
       "      <td>-0.099808</td>\n",
       "      <td>0.570903</td>\n",
       "      <td>-0.412477</td>\n",
       "      <td>0.241556</td>\n",
       "      <td>0.084400</td>\n",
       "      <td>0.436488</td>\n",
       "      <td>0.104131</td>\n",
       "      <td>-0.097788</td>\n",
       "      <td>0.084789</td>\n",
       "      <td>-0.675420</td>\n",
       "      <td>-0.406758</td>\n",
       "      <td>-0.207362</td>\n",
       "      <td>-0.493952</td>\n",
       "      <td>-0.584691</td>\n",
       "      <td>0.782321</td>\n",
       "      <td>1.000000</td>\n",
       "      <td>0.603729</td>\n",
       "      <td>0.569986</td>\n",
       "      <td>0.858176</td>\n",
       "      <td>0.520772</td>\n",
       "      <td>0.153626</td>\n",
       "      <td>-0.301649</td>\n",
       "      <td>-0.207038</td>\n",
       "      <td>-0.073006</td>\n",
       "      <td>-0.494699</td>\n",
       "      <td>0.144401</td>\n",
       "    </tr>\n",
       "    <tr>\n",
       "      <td>PASS_opp</td>\n",
       "      <td>-0.273599</td>\n",
       "      <td>-0.084444</td>\n",
       "      <td>-0.313348</td>\n",
       "      <td>-0.124250</td>\n",
       "      <td>0.035503</td>\n",
       "      <td>0.608603</td>\n",
       "      <td>-0.362831</td>\n",
       "      <td>-0.046726</td>\n",
       "      <td>0.154734</td>\n",
       "      <td>-0.458851</td>\n",
       "      <td>-0.145462</td>\n",
       "      <td>0.095891</td>\n",
       "      <td>-0.120339</td>\n",
       "      <td>-0.526115</td>\n",
       "      <td>0.563980</td>\n",
       "      <td>0.603729</td>\n",
       "      <td>1.000000</td>\n",
       "      <td>-0.067799</td>\n",
       "      <td>0.350923</td>\n",
       "      <td>0.039984</td>\n",
       "      <td>-0.150082</td>\n",
       "      <td>0.023042</td>\n",
       "      <td>-0.164893</td>\n",
       "      <td>0.158646</td>\n",
       "      <td>-0.560453</td>\n",
       "      <td>0.454345</td>\n",
       "    </tr>\n",
       "    <tr>\n",
       "      <td>PBLK_opp</td>\n",
       "      <td>-0.061848</td>\n",
       "      <td>0.631257</td>\n",
       "      <td>-0.111896</td>\n",
       "      <td>0.567608</td>\n",
       "      <td>0.130605</td>\n",
       "      <td>-0.032980</td>\n",
       "      <td>0.340536</td>\n",
       "      <td>0.195055</td>\n",
       "      <td>0.190857</td>\n",
       "      <td>-0.393520</td>\n",
       "      <td>-0.173988</td>\n",
       "      <td>-0.269550</td>\n",
       "      <td>-0.547341</td>\n",
       "      <td>-0.258570</td>\n",
       "      <td>0.459298</td>\n",
       "      <td>0.569986</td>\n",
       "      <td>-0.067799</td>\n",
       "      <td>1.000000</td>\n",
       "      <td>0.546447</td>\n",
       "      <td>0.456928</td>\n",
       "      <td>0.116848</td>\n",
       "      <td>-0.166171</td>\n",
       "      <td>-0.027763</td>\n",
       "      <td>-0.295990</td>\n",
       "      <td>0.034991</td>\n",
       "      <td>-0.114733</td>\n",
       "    </tr>\n",
       "    <tr>\n",
       "      <td>RECV_opp</td>\n",
       "      <td>0.214528</td>\n",
       "      <td>0.702488</td>\n",
       "      <td>-0.132151</td>\n",
       "      <td>0.353705</td>\n",
       "      <td>0.182058</td>\n",
       "      <td>0.323630</td>\n",
       "      <td>0.329279</td>\n",
       "      <td>-0.244898</td>\n",
       "      <td>0.088943</td>\n",
       "      <td>-0.431935</td>\n",
       "      <td>-0.215383</td>\n",
       "      <td>-0.225178</td>\n",
       "      <td>-0.377300</td>\n",
       "      <td>-0.344347</td>\n",
       "      <td>0.608547</td>\n",
       "      <td>0.858176</td>\n",
       "      <td>0.350923</td>\n",
       "      <td>0.546447</td>\n",
       "      <td>1.000000</td>\n",
       "      <td>0.343794</td>\n",
       "      <td>-0.059335</td>\n",
       "      <td>-0.307601</td>\n",
       "      <td>-0.211559</td>\n",
       "      <td>-0.028313</td>\n",
       "      <td>-0.416978</td>\n",
       "      <td>0.111287</td>\n",
       "    </tr>\n",
       "    <tr>\n",
       "      <td>RUN_opp</td>\n",
       "      <td>-0.224057</td>\n",
       "      <td>0.645109</td>\n",
       "      <td>-0.476012</td>\n",
       "      <td>0.014095</td>\n",
       "      <td>-0.051981</td>\n",
       "      <td>0.304468</td>\n",
       "      <td>-0.155550</td>\n",
       "      <td>0.197562</td>\n",
       "      <td>-0.092705</td>\n",
       "      <td>-0.519589</td>\n",
       "      <td>-0.483107</td>\n",
       "      <td>-0.060149</td>\n",
       "      <td>-0.269598</td>\n",
       "      <td>-0.487200</td>\n",
       "      <td>0.472164</td>\n",
       "      <td>0.520772</td>\n",
       "      <td>0.039984</td>\n",
       "      <td>0.456928</td>\n",
       "      <td>0.343794</td>\n",
       "      <td>1.000000</td>\n",
       "      <td>0.158246</td>\n",
       "      <td>-0.111847</td>\n",
       "      <td>0.012585</td>\n",
       "      <td>-0.000276</td>\n",
       "      <td>-0.201597</td>\n",
       "      <td>0.037595</td>\n",
       "    </tr>\n",
       "    <tr>\n",
       "      <td>RBLK_opp</td>\n",
       "      <td>-0.032240</td>\n",
       "      <td>-0.019406</td>\n",
       "      <td>-0.264413</td>\n",
       "      <td>0.146999</td>\n",
       "      <td>0.239729</td>\n",
       "      <td>-0.148710</td>\n",
       "      <td>0.083265</td>\n",
       "      <td>-0.276275</td>\n",
       "      <td>-0.021549</td>\n",
       "      <td>-0.326695</td>\n",
       "      <td>-0.598191</td>\n",
       "      <td>-0.240418</td>\n",
       "      <td>-0.533644</td>\n",
       "      <td>-0.025387</td>\n",
       "      <td>0.026532</td>\n",
       "      <td>0.153626</td>\n",
       "      <td>-0.150082</td>\n",
       "      <td>0.116848</td>\n",
       "      <td>-0.059335</td>\n",
       "      <td>0.158246</td>\n",
       "      <td>1.000000</td>\n",
       "      <td>-0.314989</td>\n",
       "      <td>-0.078042</td>\n",
       "      <td>-0.200431</td>\n",
       "      <td>-0.130617</td>\n",
       "      <td>-0.214011</td>\n",
       "    </tr>\n",
       "    <tr>\n",
       "      <td>DEF_opp</td>\n",
       "      <td>-0.246130</td>\n",
       "      <td>-0.210351</td>\n",
       "      <td>-0.092568</td>\n",
       "      <td>-0.472195</td>\n",
       "      <td>0.300014</td>\n",
       "      <td>-0.020235</td>\n",
       "      <td>-0.620895</td>\n",
       "      <td>0.072987</td>\n",
       "      <td>-0.513207</td>\n",
       "      <td>0.009995</td>\n",
       "      <td>0.335708</td>\n",
       "      <td>0.231840</td>\n",
       "      <td>0.105519</td>\n",
       "      <td>-0.110913</td>\n",
       "      <td>0.297037</td>\n",
       "      <td>-0.301649</td>\n",
       "      <td>0.023042</td>\n",
       "      <td>-0.166171</td>\n",
       "      <td>-0.307601</td>\n",
       "      <td>-0.111847</td>\n",
       "      <td>-0.314989</td>\n",
       "      <td>1.000000</td>\n",
       "      <td>0.699573</td>\n",
       "      <td>0.357435</td>\n",
       "      <td>0.063302</td>\n",
       "      <td>0.508037</td>\n",
       "    </tr>\n",
       "    <tr>\n",
       "      <td>RDEF_opp</td>\n",
       "      <td>-0.117594</td>\n",
       "      <td>-0.039837</td>\n",
       "      <td>-0.312317</td>\n",
       "      <td>-0.468050</td>\n",
       "      <td>0.139049</td>\n",
       "      <td>-0.157706</td>\n",
       "      <td>-0.262515</td>\n",
       "      <td>-0.185701</td>\n",
       "      <td>-0.797276</td>\n",
       "      <td>-0.142948</td>\n",
       "      <td>-0.091232</td>\n",
       "      <td>-0.224290</td>\n",
       "      <td>-0.016176</td>\n",
       "      <td>-0.046418</td>\n",
       "      <td>0.288818</td>\n",
       "      <td>-0.207038</td>\n",
       "      <td>-0.164893</td>\n",
       "      <td>-0.027763</td>\n",
       "      <td>-0.211559</td>\n",
       "      <td>0.012585</td>\n",
       "      <td>-0.078042</td>\n",
       "      <td>0.699573</td>\n",
       "      <td>1.000000</td>\n",
       "      <td>0.558119</td>\n",
       "      <td>0.251284</td>\n",
       "      <td>-0.121378</td>\n",
       "    </tr>\n",
       "    <tr>\n",
       "      <td>TACK_opp</td>\n",
       "      <td>-0.033649</td>\n",
       "      <td>0.119986</td>\n",
       "      <td>-0.333361</td>\n",
       "      <td>-0.458888</td>\n",
       "      <td>-0.081868</td>\n",
       "      <td>0.431912</td>\n",
       "      <td>-0.213863</td>\n",
       "      <td>-0.386356</td>\n",
       "      <td>-0.446589</td>\n",
       "      <td>-0.250400</td>\n",
       "      <td>-0.140388</td>\n",
       "      <td>-0.092100</td>\n",
       "      <td>-0.007191</td>\n",
       "      <td>-0.196138</td>\n",
       "      <td>0.119671</td>\n",
       "      <td>-0.073006</td>\n",
       "      <td>0.158646</td>\n",
       "      <td>-0.295990</td>\n",
       "      <td>-0.028313</td>\n",
       "      <td>-0.000276</td>\n",
       "      <td>-0.200431</td>\n",
       "      <td>0.357435</td>\n",
       "      <td>0.558119</td>\n",
       "      <td>1.000000</td>\n",
       "      <td>-0.333519</td>\n",
       "      <td>0.121099</td>\n",
       "    </tr>\n",
       "    <tr>\n",
       "      <td>PRSH_opp</td>\n",
       "      <td>0.280363</td>\n",
       "      <td>-0.223106</td>\n",
       "      <td>0.339509</td>\n",
       "      <td>0.129856</td>\n",
       "      <td>-0.052477</td>\n",
       "      <td>-0.733028</td>\n",
       "      <td>0.321792</td>\n",
       "      <td>0.266332</td>\n",
       "      <td>-0.150625</td>\n",
       "      <td>0.507747</td>\n",
       "      <td>0.304484</td>\n",
       "      <td>0.038309</td>\n",
       "      <td>0.394841</td>\n",
       "      <td>0.376552</td>\n",
       "      <td>-0.418338</td>\n",
       "      <td>-0.494699</td>\n",
       "      <td>-0.560453</td>\n",
       "      <td>0.034991</td>\n",
       "      <td>-0.416978</td>\n",
       "      <td>-0.201597</td>\n",
       "      <td>-0.130617</td>\n",
       "      <td>0.063302</td>\n",
       "      <td>0.251284</td>\n",
       "      <td>-0.333519</td>\n",
       "      <td>1.000000</td>\n",
       "      <td>-0.629971</td>\n",
       "    </tr>\n",
       "    <tr>\n",
       "      <td>COV_opp</td>\n",
       "      <td>-0.348205</td>\n",
       "      <td>0.006827</td>\n",
       "      <td>-0.139914</td>\n",
       "      <td>-0.237757</td>\n",
       "      <td>0.290587</td>\n",
       "      <td>0.415237</td>\n",
       "      <td>-0.661732</td>\n",
       "      <td>0.058665</td>\n",
       "      <td>0.095496</td>\n",
       "      <td>-0.256268</td>\n",
       "      <td>0.241036</td>\n",
       "      <td>0.281281</td>\n",
       "      <td>-0.164088</td>\n",
       "      <td>-0.385678</td>\n",
       "      <td>0.388200</td>\n",
       "      <td>0.144401</td>\n",
       "      <td>0.454345</td>\n",
       "      <td>-0.114733</td>\n",
       "      <td>0.111287</td>\n",
       "      <td>0.037595</td>\n",
       "      <td>-0.214011</td>\n",
       "      <td>0.508037</td>\n",
       "      <td>-0.121378</td>\n",
       "      <td>0.121099</td>\n",
       "      <td>-0.629971</td>\n",
       "      <td>1.000000</td>\n",
       "    </tr>\n",
       "  </tbody>\n",
       "</table>\n",
       "</div>"
      ],
      "text/plain": [
       "                PF        PA       OVR       OFF      PASS      PBLK  \\\n",
       "PF        1.000000  0.040419  0.626433  0.508622  0.468903 -0.016782   \n",
       "PA        0.040419  1.000000 -0.280568  0.346390  0.053252  0.111391   \n",
       "OVR       0.626433 -0.280568  1.000000  0.512589  0.293552 -0.047575   \n",
       "OFF       0.508622  0.346390  0.512589  1.000000  0.379091 -0.049287   \n",
       "PASS      0.468903  0.053252  0.293552  0.379091  1.000000  0.055775   \n",
       "PBLK     -0.016782  0.111391 -0.047575 -0.049287  0.055775  1.000000   \n",
       "RECV      0.556344  0.343200  0.302732  0.669323 -0.116608 -0.338220   \n",
       "RUN      -0.466103  0.101228  0.021601  0.165691 -0.355406 -0.246592   \n",
       "RBLK      0.108704 -0.068582  0.479087  0.569012 -0.011124  0.244720   \n",
       "DEF       0.403028 -0.497932  0.848356  0.068023 -0.060696 -0.220474   \n",
       "RDEF     -0.105855 -0.212457  0.444806 -0.130130 -0.192090 -0.256990   \n",
       "TACK      0.308488 -0.278743  0.454701  0.127172  0.234258  0.294060   \n",
       "PRSH      0.187513 -0.395468  0.554202 -0.193862 -0.240720 -0.002804   \n",
       "COV       0.523496 -0.510846  0.762882  0.131149  0.082274 -0.150362   \n",
       "OVR_opp  -0.342505  0.393969 -0.615666 -0.164918  0.182722  0.309504   \n",
       "OFF_opp  -0.099808  0.570903 -0.412477  0.241556  0.084400  0.436488   \n",
       "PASS_opp -0.273599 -0.084444 -0.313348 -0.124250  0.035503  0.608603   \n",
       "PBLK_opp -0.061848  0.631257 -0.111896  0.567608  0.130605 -0.032980   \n",
       "RECV_opp  0.214528  0.702488 -0.132151  0.353705  0.182058  0.323630   \n",
       "RUN_opp  -0.224057  0.645109 -0.476012  0.014095 -0.051981  0.304468   \n",
       "RBLK_opp -0.032240 -0.019406 -0.264413  0.146999  0.239729 -0.148710   \n",
       "DEF_opp  -0.246130 -0.210351 -0.092568 -0.472195  0.300014 -0.020235   \n",
       "RDEF_opp -0.117594 -0.039837 -0.312317 -0.468050  0.139049 -0.157706   \n",
       "TACK_opp -0.033649  0.119986 -0.333361 -0.458888 -0.081868  0.431912   \n",
       "PRSH_opp  0.280363 -0.223106  0.339509  0.129856 -0.052477 -0.733028   \n",
       "COV_opp  -0.348205  0.006827 -0.139914 -0.237757  0.290587  0.415237   \n",
       "\n",
       "              RECV       RUN      RBLK       DEF      RDEF      TACK  \\\n",
       "PF        0.556344 -0.466103  0.108704  0.403028 -0.105855  0.308488   \n",
       "PA        0.343200  0.101228 -0.068582 -0.497932 -0.212457 -0.278743   \n",
       "OVR       0.302732  0.021601  0.479087  0.848356  0.444806  0.454701   \n",
       "OFF       0.669323  0.165691  0.569012  0.068023 -0.130130  0.127172   \n",
       "PASS     -0.116608 -0.355406 -0.011124 -0.060696 -0.192090  0.234258   \n",
       "PBLK     -0.338220 -0.246592  0.244720 -0.220474 -0.256990  0.294060   \n",
       "RECV      1.000000  0.002368  0.151134  0.124978 -0.099709 -0.210932   \n",
       "RUN       0.002368  1.000000  0.161422  0.056145  0.347552  0.082885   \n",
       "RBLK      0.151134  0.161422  1.000000  0.259341  0.133758  0.321692   \n",
       "DEF       0.124978  0.056145  0.259341  1.000000  0.598942  0.397563   \n",
       "RDEF     -0.099709  0.347552  0.133758  0.598942  1.000000  0.249595   \n",
       "TACK     -0.210932  0.082885  0.321692  0.397563  0.249595  1.000000   \n",
       "PRSH     -0.068665  0.264527 -0.013247  0.763932  0.515933  0.271368   \n",
       "COV       0.204634 -0.309669  0.236339  0.845629  0.203093  0.226668   \n",
       "OVR_opp  -0.306842 -0.096325 -0.303409 -0.735030 -0.285021 -0.148425   \n",
       "OFF_opp   0.104131 -0.097788  0.084789 -0.675420 -0.406758 -0.207362   \n",
       "PASS_opp -0.362831 -0.046726  0.154734 -0.458851 -0.145462  0.095891   \n",
       "PBLK_opp  0.340536  0.195055  0.190857 -0.393520 -0.173988 -0.269550   \n",
       "RECV_opp  0.329279 -0.244898  0.088943 -0.431935 -0.215383 -0.225178   \n",
       "RUN_opp  -0.155550  0.197562 -0.092705 -0.519589 -0.483107 -0.060149   \n",
       "RBLK_opp  0.083265 -0.276275 -0.021549 -0.326695 -0.598191 -0.240418   \n",
       "DEF_opp  -0.620895  0.072987 -0.513207  0.009995  0.335708  0.231840   \n",
       "RDEF_opp -0.262515 -0.185701 -0.797276 -0.142948 -0.091232 -0.224290   \n",
       "TACK_opp -0.213863 -0.386356 -0.446589 -0.250400 -0.140388 -0.092100   \n",
       "PRSH_opp  0.321792  0.266332 -0.150625  0.507747  0.304484  0.038309   \n",
       "COV_opp  -0.661732  0.058665  0.095496 -0.256268  0.241036  0.281281   \n",
       "\n",
       "              PRSH       COV   OVR_opp   OFF_opp  PASS_opp  PBLK_opp  \\\n",
       "PF        0.187513  0.523496 -0.342505 -0.099808 -0.273599 -0.061848   \n",
       "PA       -0.395468 -0.510846  0.393969  0.570903 -0.084444  0.631257   \n",
       "OVR       0.554202  0.762882 -0.615666 -0.412477 -0.313348 -0.111896   \n",
       "OFF      -0.193862  0.131149 -0.164918  0.241556 -0.124250  0.567608   \n",
       "PASS     -0.240720  0.082274  0.182722  0.084400  0.035503  0.130605   \n",
       "PBLK     -0.002804 -0.150362  0.309504  0.436488  0.608603 -0.032980   \n",
       "RECV     -0.068665  0.204634 -0.306842  0.104131 -0.362831  0.340536   \n",
       "RUN       0.264527 -0.309669 -0.096325 -0.097788 -0.046726  0.195055   \n",
       "RBLK     -0.013247  0.236339 -0.303409  0.084789  0.154734  0.190857   \n",
       "DEF       0.763932  0.845629 -0.735030 -0.675420 -0.458851 -0.393520   \n",
       "RDEF      0.515933  0.203093 -0.285021 -0.406758 -0.145462 -0.173988   \n",
       "TACK      0.271368  0.226668 -0.148425 -0.207362  0.095891 -0.269550   \n",
       "PRSH      1.000000  0.445792 -0.538374 -0.493952 -0.120339 -0.547341   \n",
       "COV       0.445792  1.000000 -0.653760 -0.584691 -0.526115 -0.258570   \n",
       "OVR_opp  -0.538374 -0.653760  1.000000  0.782321  0.563980  0.459298   \n",
       "OFF_opp  -0.493952 -0.584691  0.782321  1.000000  0.603729  0.569986   \n",
       "PASS_opp -0.120339 -0.526115  0.563980  0.603729  1.000000 -0.067799   \n",
       "PBLK_opp -0.547341 -0.258570  0.459298  0.569986 -0.067799  1.000000   \n",
       "RECV_opp -0.377300 -0.344347  0.608547  0.858176  0.350923  0.546447   \n",
       "RUN_opp  -0.269598 -0.487200  0.472164  0.520772  0.039984  0.456928   \n",
       "RBLK_opp -0.533644 -0.025387  0.026532  0.153626 -0.150082  0.116848   \n",
       "DEF_opp   0.105519 -0.110913  0.297037 -0.301649  0.023042 -0.166171   \n",
       "RDEF_opp -0.016176 -0.046418  0.288818 -0.207038 -0.164893 -0.027763   \n",
       "TACK_opp -0.007191 -0.196138  0.119671 -0.073006  0.158646 -0.295990   \n",
       "PRSH_opp  0.394841  0.376552 -0.418338 -0.494699 -0.560453  0.034991   \n",
       "COV_opp  -0.164088 -0.385678  0.388200  0.144401  0.454345 -0.114733   \n",
       "\n",
       "          RECV_opp   RUN_opp  RBLK_opp   DEF_opp  RDEF_opp  TACK_opp  \\\n",
       "PF        0.214528 -0.224057 -0.032240 -0.246130 -0.117594 -0.033649   \n",
       "PA        0.702488  0.645109 -0.019406 -0.210351 -0.039837  0.119986   \n",
       "OVR      -0.132151 -0.476012 -0.264413 -0.092568 -0.312317 -0.333361   \n",
       "OFF       0.353705  0.014095  0.146999 -0.472195 -0.468050 -0.458888   \n",
       "PASS      0.182058 -0.051981  0.239729  0.300014  0.139049 -0.081868   \n",
       "PBLK      0.323630  0.304468 -0.148710 -0.020235 -0.157706  0.431912   \n",
       "RECV      0.329279 -0.155550  0.083265 -0.620895 -0.262515 -0.213863   \n",
       "RUN      -0.244898  0.197562 -0.276275  0.072987 -0.185701 -0.386356   \n",
       "RBLK      0.088943 -0.092705 -0.021549 -0.513207 -0.797276 -0.446589   \n",
       "DEF      -0.431935 -0.519589 -0.326695  0.009995 -0.142948 -0.250400   \n",
       "RDEF     -0.215383 -0.483107 -0.598191  0.335708 -0.091232 -0.140388   \n",
       "TACK     -0.225178 -0.060149 -0.240418  0.231840 -0.224290 -0.092100   \n",
       "PRSH     -0.377300 -0.269598 -0.533644  0.105519 -0.016176 -0.007191   \n",
       "COV      -0.344347 -0.487200 -0.025387 -0.110913 -0.046418 -0.196138   \n",
       "OVR_opp   0.608547  0.472164  0.026532  0.297037  0.288818  0.119671   \n",
       "OFF_opp   0.858176  0.520772  0.153626 -0.301649 -0.207038 -0.073006   \n",
       "PASS_opp  0.350923  0.039984 -0.150082  0.023042 -0.164893  0.158646   \n",
       "PBLK_opp  0.546447  0.456928  0.116848 -0.166171 -0.027763 -0.295990   \n",
       "RECV_opp  1.000000  0.343794 -0.059335 -0.307601 -0.211559 -0.028313   \n",
       "RUN_opp   0.343794  1.000000  0.158246 -0.111847  0.012585 -0.000276   \n",
       "RBLK_opp -0.059335  0.158246  1.000000 -0.314989 -0.078042 -0.200431   \n",
       "DEF_opp  -0.307601 -0.111847 -0.314989  1.000000  0.699573  0.357435   \n",
       "RDEF_opp -0.211559  0.012585 -0.078042  0.699573  1.000000  0.558119   \n",
       "TACK_opp -0.028313 -0.000276 -0.200431  0.357435  0.558119  1.000000   \n",
       "PRSH_opp -0.416978 -0.201597 -0.130617  0.063302  0.251284 -0.333519   \n",
       "COV_opp   0.111287  0.037595 -0.214011  0.508037 -0.121378  0.121099   \n",
       "\n",
       "          PRSH_opp   COV_opp  \n",
       "PF        0.280363 -0.348205  \n",
       "PA       -0.223106  0.006827  \n",
       "OVR       0.339509 -0.139914  \n",
       "OFF       0.129856 -0.237757  \n",
       "PASS     -0.052477  0.290587  \n",
       "PBLK     -0.733028  0.415237  \n",
       "RECV      0.321792 -0.661732  \n",
       "RUN       0.266332  0.058665  \n",
       "RBLK     -0.150625  0.095496  \n",
       "DEF       0.507747 -0.256268  \n",
       "RDEF      0.304484  0.241036  \n",
       "TACK      0.038309  0.281281  \n",
       "PRSH      0.394841 -0.164088  \n",
       "COV       0.376552 -0.385678  \n",
       "OVR_opp  -0.418338  0.388200  \n",
       "OFF_opp  -0.494699  0.144401  \n",
       "PASS_opp -0.560453  0.454345  \n",
       "PBLK_opp  0.034991 -0.114733  \n",
       "RECV_opp -0.416978  0.111287  \n",
       "RUN_opp  -0.201597  0.037595  \n",
       "RBLK_opp -0.130617 -0.214011  \n",
       "DEF_opp   0.063302  0.508037  \n",
       "RDEF_opp  0.251284 -0.121378  \n",
       "TACK_opp -0.333519  0.121099  \n",
       "PRSH_opp  1.000000 -0.629971  \n",
       "COV_opp  -0.629971  1.000000  "
      ]
     },
     "execution_count": 43,
     "metadata": {},
     "output_type": "execute_result"
    }
   ],
